f = @root2d;
x = [0 0 0 0 0 0 0 0]